Name	AC	PY	 DeltaPY	 DeltaPYP	Order
2459	1,419	1,425	-5.93	-0.42	1,419
0	1,175	 -   	1,174.68	  	1,175
921	1,171	1,171	-0.33	-0.03	1,171
1964	955	959	-3.64	-0.38	955
946	684	 -   	684.43	  	684
2466	391	391	0	0	391
2566	350	350	0	0	350
2571	293	293	 -   	 -   	293
2575	228	227	0	0	228
2561	227	227	0	0	227
2559	200	200	0	0	200
2570	198	198	0	0	198
3184	195	44	150.27	338.36	195
850	192	192	-0.5	-0.26	192
3887	190	190	0	0	190
1334	160	160	0	0	160
1329	144	136	7.61	5.59	144
1322	142	125	17.95	14.42	142
3279	134	134	0	0	134
2579	131	131	 -   	 -   	131
1158	129	129	0	0	129
1342	115	114	0.83	0.73	115
1188.3	109	50	58.54	116.45	109
3115.1	102	102	0	0	102
1364	96	105	-8.72	-8.3	96
2560	95	95	 -   	 -   	95
1350	90	90	0	0	90
3847	82	82	0	0	82
3837	81	81	0	0	81
2564	75	75	0	0	75
1348	66	59	7.53	12.8	66
2481	64	63	0	0	64
3276.1	63	63	0.09	0.14	63
3863	62	62	0.03	0.05	62
3173.2	59	59	0	0	59
3869	56	56	0	0	56
3173	56	56	0	0	56
2565	54	54	0	0	54
2567	50	50	0	0	50
2473.2	50	56	-5.8	-10.43	50
3166	45	42	3.04	7.25	45
2573	44	44	0	0	44
3186	42	42	0	0	42
2564.1	40	40	 -   	 -   	40
3815	40	43	-2.99	-6.93	40
3191	40	40	0	0	40
2602	39	33	5.78	17.38	39
3889	39	38	0	0	39
3879	37	37	0	0	37
2569	37	37	 -   	 -   	37
1327	37	31	5.5	17.65	37
3168.1	36	36	0	0	36
3843	35	33	2.11	6.49	35
2563	35	35	0	0	35
3816	34	34	0	0	34
2554	34	44	-9.59	-22.01	34
3861	33	33	 -   	 -   	33
2578.1	33	33	0	0	33
2577	32	32	0	0	32
3181	32	31	1	3.28	32
1349	31	15	16.11	110.57	31
3140.1	30	30	0	0	30
2568	30	30	0	0	30
3170	30	30	0.25	0.84	30
3167	30	30	0	0	30
1362	29	29	0	0	29
3172	27	27	0	0	27
2572	27	27	0	0	27
3190.1	27	27	0	0	27
1360	27	26	0	0	27
xx5	26	28	-2.36	-8.31	26
3131.1	25	25	0	0	25
1340	25	22	3	13.59	25
3860	24	24	-0.14	-0.59	24
1361	24	24	0	0	24
3136.1	23	23	0	0	23
1101	23	23	0	0	23
3848	22	22	0	0	22
1098	22	21	1.11	5.34	22
2542.2	22	18	3.37	18.39	22
3183	22	37	-15.08	-41.11	22
3121.1	21	21	0	0	21
1850	20	20	0	0	20
3185	20	32	-11.87	-37.25	20
3187	20	20	0	0	20
3188	20	20	0	0	20
2576	20	19	0	0	20
3190.2	20	20	0	0	20
3120	19	19	0.48	2.56	19
3812	18	18	-0.2	-1.12	18
1368	18	18	0.02	0.1	18
2578	18	18	0	0	18
3870	17	17	0	0	17
1092	17	14	2.46	17.51	17
3858	16	16	0	0	16
2468	15	15	0	0	15
2553.1	15	15	0.37	2.56	15
3134	15	15	0.3	2.04	15
3844	15	2	12.4	511.33	15
3119	13	13	0	0	13
3162	13	19	-5.93	-31.97	13
1370	12	12	0	0	12
1365	12	12	 -   	 -   	12
1871	12	4	7.82	180.56	12
1320	12	17	-5.28	-30.8	12
979	12	4	7.51	174.24	12
2562	12	12	 -   	 -   	12
1097	11	11	0	0	11
2476	11	11	0.17	1.54	11
1336	11	10	1.4	14.67	11
3179	11	11	0	0	11
3190	11	11	0	0	11
3182	10	35	-24.28	-70.01	10
3189	10	10	0	0	10
1376	10	2	7.88	322.36	10
2464	10	12	-2.14	-17.47	10
1064	10	10	0	0	10
3877	10	10	 -   	 -   	10
1367	10	12	-2.5	-20.3	10
1366	10	10	 -   	 -   	10
1354	10	7	3.09	47.47	10
3123	10	5	4.06	73.95	10
3885	9	9	0	0	9
3146	9	9	-0.19	-2	9
2472.4	9	12	-3.29	-26.41	9
3047	9	11	-1.98	-18.23	9
1351	9	9	0	0	9
2581	9	9	0	0	9
3874	9	9	0	0	9
3135	9	9	0.14	1.63	9
3824	9	9	-0.04	-0.5	9
1323	8	8	0.02	0.22	8
2460	8	8	-0.47	-5.77	8
3850	8	8	-0.09	-1.15	8
3141.1	8	7	0.19	2.56	8
1081	7	8	-0.38	-4.94	7
2484	7	4	3.01	72.49	7
3845	7	7	-0.16	-2.16	7
2580	7	7	0	0	7
1357	7	7	0	0	7
3136	7	7	0	0	7
2453	7	4	2.82	73.22	7
1059	7	5	1.18	21.83	7
2471	6	6	0	0	6
3131	6	6	0.14	2.28	6
3124	6	20	-14.01	-69.22	6
1287	6	6	0.02	0.27	6
940	6	1	4.8	362.37	6
3156	6	6	0	0	6
1339	6	7	-1.3	-17.63	6
1188	6	6	-0.38	-6.02	6
3140	6	6	0.01	0.18	6
963	6	2	3.59	166.43	6
1344	6	5	0.26	4.95	6
2603	5	29	-23.71	-81.67	5
1190	5	5	0.31	6.13	5
1077	5	4	0.74	16.68	5
1863	5	4	0.96	23.11	5
3117	5	6	-0.9	-15	5
3168	5	5	0.05	1	5
3881	5	5	0	0	5
3833	5	5	-0.03	-0.55	5
2483.B	5	6	-0.8	-14	5
1371	5	5	 -   	 -   	5
3133	5	5	0.12	2.56	5
3854	5	5	-0.1	-2	5
3896	5	5	-0.1	-2	5
865	5	3	1.85	66.88	5
1938	5	4	0.25	5.9	5
1101.1	4	2	1.95	89.57	4
3130.1	4	4	0	0	4
3862	4	4	 -   	 -   	4
2541	4	0	3.53	1,555.87	4
3173.1	4	3	0.94	33.71	4
965	4	3	0.58	18.38	4
3282	4	10	-5.85	-61.28	4
1185	4	4	 -   	 -   	4
2704	4	3	0.57	19.11	4
819	3	3	0.08	2.36	3
1860	3	5	-1.37	-29.18	3
1316	3	3	0.01	0.36	3
3895	3	3	-0.07	-2	3
3216	3	1	1.9	152.73	3
2483	3	3	-0.39	-11.13	3
3142.1	3	3	0	0	3
3190.3	3	3	0	0	3
3193	3	3	0	0	3
3849	3	3	0	0	3
3891	3	3	0	0	3
1141	3	10	-6.72	-69.23	3
1065	3	2	0.43	17.86	3
3866	3	3	 -   	 -   	3
964	3	9	-5.9	-67.9	3
3835	3	11	-8.6	-75.51	3
xx16	3	3	-0.06	-2	3
3118	3	3	0	0	3
3164	3	3	0	0	3
860	3	0	2.44	1,738.36	3
3121	3	3	0	0	3
842	3	4	-1.39	-35.46	3
3883	3	3	0	0	3
3169	3	9	-6.5	-72.22	3
xx3	2	1	1.82	273.2	2
2545	2	3	-0.11	-4.07	2
3825	2	2	 -   	 -   	2
1282	2	2	0.07	3.2	2
1167	2	5	-2.35	-49.54	2
3846	2	40	-37.14	-94.03	2
848	2	7	-4.51	-66.07	2
1862	2	3	-1.07	-31.52	2
3141	2	2	0	0	2
3852	2	2	0	0	2
2473	2	2	0.35	18.95	2
xx32	2	1	1.49	256.49	2
3137	2	2	0.47	29.38	2
2544	2	1	0.82	66.04	2
3134.1	2	2	0.03	1.72	2
3278	2	2	0.26	14.75	2
3125	2	2	0	0	2
1870	2	2	-0.2	-9.25	2
3840	2	2	 -   	 -   	2
1859	2	4	-1.68	-46.09	2
1848	2	2	0.14	7.93	2
3853	2	2	-0.02	-1	2
3135.1	2	2	0	0	2
3199	2	2	 -   	 -   	2
1826	2	2	0.03	1.44	2
3130	2	2	0.06	3.63	2
854	2	2	-0.36	-16.73	2
3807	2	2	-0.04	-2	2
2465	2	2	0	0	2
2553	2	2	0	0	2
xx2	2	2	0.05	2.7	2
1365.1	2	2	0.04	2.14	2
1866	2	2	-0.56	-24.74	2
3195	2	2	 -   	 -   	2
2472.2	2	1	0.26	19.34	2
1366.1	2	2	-0.06	-3.85	2
3133.1	2	2	 -   	 -   	2
3838	2	2	0	0	2
3857	2	2	 -   	 -   	2
823.1	2	2	0	0	2
1236	1	1	 -   	 -   	1
xx4	1	2	-0.03	-2.24	1
3171	1	4	-2.23	-60.5	1
2451	1	3	-1.27	-46.57	1
2552	1	1	0.47	48.5	1
1865	1	2	-0.52	-27	1
xx63	1	1	0	0	1
1335	1	1	0.19	15.55	1
3154	1	0	0.94	217.46	1
1827	1	0	1.15	659.26	1
3147	1	1	-0.03	-2	1
830	1	1	0.44	50.27	1
1332	1	0	1.08	525.09	1
2542	1	1	0.09	8.02	1
3198	1	1	0	0	1
2537	1	1	0.18	18.35	1
1867	1	2	-0.56	-32.91	1
3200.1	1	1	 -   	 -   	1
xx62	1	1	0	0	1
1231	1	1	 -   	 -   	1
1856	1	1	-0.17	-13.92	1
3803	1	1	0	0	1
3802	1	1	0	0	1
3202	1	1	-0.43	-28.99	1
3214	1	0	0.82	367.59	1
885	1	1	0.48	85.26	1
3192	1	1	0	0	1
2477	1	1	0.07	7.8	1
1198	1	1	0.42	71.77	1
3161	1	1	 -   	 -   	1
3142	1	1	0	0	1
3856	1	1	-0.02	-2	1
1363	1	1	0.07	7.53	1
2779	1	2	-0.66	-41.34	1
828	1	1	0	-0.15	1
xx60	1	1	0.05	6.54	1
3831	1	1	-0.13	-13.51	1
1206	1	1	0.16	25.71	1
920	1	1	0.04	4.74	1
841	1	3	-1.81	-70.13	1
882	1	1	0.18	31.27	1
3805	1	1	0	0	1
1266	1	1	0.15	25.52	1
3842	1	1	0	0	1
3804	1	1	-0.01	-2	1
1255	1	1	0.03	4.74	1
2470	1	0	0.46	198.56	1
3808	1	1	0	0	1
xx61	1	1	0	0	1
1868	1	2	-0.87	-56.43	1
1306	1	1	-0.2	-23.29	1
835	1	1	-0.29	-30.54	1
1294	1	1	-0.17	-20.5	1
1296	1	1	-0.27	-29.18	1
3806	1	1	-0.01	-2	1
2456	1	0	0.12	24.2	1
1214	1	1	0.01	2.04	1
1230	1	1	0.04	6.49	1
1279	1	1	-0.26	-30.04	1
1292	1	1	-0.26	-30.04	1
1307	1	1	-0.26	-30.04	1
3834	1	0	0.27	79.93	1
1221	1	0	0.17	40.12	1
1313	1	1	-0.21	-26.44	1
2455	1	1	-0.29	-33.66	1
2780	1	1	-0.11	-16.56	1
982	1	0	0.28	98.4	1
1311	1	1	-0.01	-1.6	1
3277	1	1	0	0	1
853	1	0	0.03	6.18	1
2475	1	1	-0.15	-22.08	1
1291	1	 -   	0.51	  	1
840	1	0	0.03	5.99	1
3174	1	0	0	0	1
866	0	0	-0.01	-2	0
2760	0	1	-0.23	-32.88	0
1225	0	0	 -   	 -   	0
3839	0	0	0	0	0
895	0	1	-0.21	-32.85	0
1298	0	1	-0.13	-23.92	0
1386	0	0	0	0	0
1309	0	0	0.11	37.01	0
1923	0	0	-0.04	-9.04	0
1144	0	1	-0.73	-64.53	0
2761	0	0	0.08	23.28	0
3841	0	0	0	0	0
2032	0	0	0.37	2,385.23	0
3267	0	0	-0.01	-2	0
1248	0	0	-0.12	-23.93	0
3157	0	0	-0.01	-2	0
1289	0	0	-0.11	-24.51	0
906	0	0	-0.09	-22.96	0
1310	0	1	-0.43	-58.63	0
1858	0	1	-0.22	-42.1	0
xx20	0	0	0.01	3.21	0
1189	0	1	-0.55	-67.65	0
1166	0	0	0.04	18.65	0
xx6	0	0	0.07	38.45	0
2461	0	0	 -   	 -   	0
2458	0	0	0.01	2.04	0
2551	0	0	0.1	73.64	0
836	0	1	-0.73	-75.8	0
2539	0	1	-0.45	-67.06	0
864	0	0	-0.17	-44.35	0
2798_AD	0	7	-6.79	-97	0
3855	0	0	0	-2	0
868	0	 -   	0.2	  	0
2587	0	0	0	-1.11	0
3209	0	0	0.01	5.72	0
858	0	0	-0.2	-51.15	0
xx14	0	0	0	-2	0
2596	0	0	-0.03	-12.54	0
966	0	0	0.04	32.28	0
1263	0	 -   	0.17	  	0
1917	0	0	0.08	87.89	0
2449	0	0	0.05	38.13	0
3868	0	0	 -   	 -   	0
1073	0	0	0.09	168.59	0
2478	0	0	0.07	95	0
823	0	0	0.03	32.28	0
1319	0	0	 -   	 -   	0
2538	0	1	-0.64	-83.46	0
1374	0	0	0.07	129	0
2472	0	0	0.03	27.78	0
3407	0	1	-0.55	-83.3	0
3867	0	0	0	0	0
xx64	0	0	-0.21	-70.74	0
928	0	 -   	0.08	  	0
1264	0	0	0.04	110.41	0
3820	0	1	-1.35	-94.92	0
948	0	 -   	0.07	  	0
1276	0	 -   	0.07	  	0
837	0	 -   	0.06	  	0
1928	0	0	0.02	45.66	0
2462	0	0	-0.28	-84.61	0
3152	0	0	0	-2	0
1869	0	1	-1.42	-96.73	0
2467	0	0	-0.03	-39.64	0
954	0	0	-0.16	-78.92	0
933	0	0	-0.16	-80.63	0
952	0	0	-0.02	-38.25	0
1854	0	0	-0.22	-87.21	0
3150	0	 -   	0.03	  	0
1857	0	0	0	12.57	0
1085	0	0	 -   	 -   	0
1209	 -   	1	-0.8	  	 -   
1271	 -   	 -   	 -   	  	 -   
1277	 -   	0	-0.29	  	 -   
1872	 -   	1	-0.91	  	 -   
2549	 -   	1	-0.63	  	 -   
2588	 -   	0	-0.04	  	 -   
3190.4	 -   	10	-10.5	  	 -   
3193.1	 -   	3	-3	  	 -   
3211	 -   	0	-0.07	  	 -   
3813	 -   	3	-3.43	  	 -   
3892	 -   	400	-400	  	 -   
3893	 -   	20	-20	  	 -   
3894	 -   	10	-10.32	  	 -   
833	 -   	0	-0.11	  	 -   
889	 -   	26	-25.57	  	 -   
939	 -   	0	-0.05	  	 -   
xx59	 -   	10	-10	  	 -   
1331	 -   	226	-226	  	 -   
1355	 -   	19	-19.42	  	 -   
3272	 -   	1	-0.75	  	 -   
3408	 -   	3	-3.15	  	 -   
3898	 -   	56	-56	  	 -   
3899	 -   	49	-49.3	  	 -   
3901	 -   	20	-20.06	  	 -   
3902	 -   	40	-39.64	  	 -   
3903	 -   	1	-0.5	  	 -   
3904	 -   	1	-1.43	  	 -   
3905	 -   	14	-14.16	  	 -   
3906	 -   	8	-7.75	  	 -   
3907	 -   	10	-10	  	 -   
3918	 -   	52	-51.72	  	 -   
xx15	 -   	20	-20.34	  	 -   
